166,165,164,163,162,161,160,159,158,157,156,155,154,153,152,151,150,149,148,147,146,145,144,143,142,141,140,139,138,137,
136,135,134,133,132,131,130,129,128,127,126,125,124,123,122,121,120,119,118,117,116,115,114,113,112,111,110,109,108,107,
106,105,104,103,102,101,100, 99, 98, 97, 96, 95, 94, 93, 92, 91, 90, 89, 88, 87, 86, 85, 84, 83, 82, 81, 80, 79, 36, 35,
 34, 33, 32, 31, 30, 29, 28, 27, 26, 25, 24, 23, 22, 21, 20, 19, 18, 17,  6,  5,  4,  3,  1,  2,  7,  8,  9, 10, 11, 12,
 13, 14, 15, 16, 37, 38, 39, 40, 41, 42, 43, 44, 45, 46, 47, 48, 49, 50, 51, 52, 53, 54, 55, 56, 57, 58, 59,236, 69,237,
 70,238, 71,239, 72,240, 73,241, 74,242, 75,243, 76,244, 77,245, 78,246,247,248,249,250,251,252,253,254,255,256,257,258,
259,260,261,262,263,264,265,266,267,268,269,270,271,272,273,274,275,276,277,298,299,300,301,302,303,304,305,306,307,312,
313,311,310,309,308,297,296,295,294,293,292,291,290,289,288,287,286,285,284,283,282,281,280,279,278,235, 68,234, 67,233,
 66,232, 65,231, 64,230, 63,229, 62,228, 61,227, 60,226,225,224,223,222,221,220,219,218,217,216,215,214,213,212,211,210,
209,208,207,206,205,204,203,202,201,200,199,198,197,196,195,194,193,192,191,190,189,188,187,186,185,184,183,182,181,180,
179,178,177,176,175,174,173,172,171,170,169,168,167